11 Дорофеев М О 23КНТ-1 8 9 2 4 6 1 4 7 6 6 1
33 Блохина Ф П 23КНТ-1 7 8 9 3 3 3 2 8 7 0 0 1 2 7
38 Ефремова М Л 23КНТ-1 10 10 10 10 10 5 2 3 3 6 6 9 6
10 Степанов Я И 23КНТ-2 9 2 5 8 1 2 0 1 1 2 1 0
28 Беляева И М 23КНТ-2 1 8 9 7 4 9 3 9 6 7 2
4 Чернов П Д 23КНТ-3 7 2 8 9 4 2 2 3 8 6 4 5
5 Волков Я Р 23КНТ-4 6 5 4 2 2 8 0 8 0 8 3 7
6 Дмитриев Е Д 23КНТ-4 7 2 6 9 6 1 7 7 9 1 7 8
7 Никитин Ф Б 23КНТ-4 7 4 0 0 0 9 9 8 4 4 4 1
14 Киселёв Г П 23КНТ-5 9 9 9 9 9 8 2 6 5 7 7 9
1 Панфилов М П 23КНТ-6 10 0 3 5 4 7 3 9 8 8 3 6
12 Титов Б В 23КНТ-6 3 3 10 10 2 5 4 3 7 8 0 1
13 Орехов А Г 23КНТ-6 5 0 2 9 6 1 1 3 1 3 8 0
17 Степанова Л П 23КНТ-6 3 9 5 1 8 7 9 3 3 5 2
18 Антонова Г Е 23КНТ-6 9 9 9 8 6 7 8 7 4 0 1 7
19 Воронцова А Р 23КНТ-6 5 6 8 9 3 2 7 1 1 2 1 3
22 Молчанова А С 23КНТ-6 8 2 6 5 3 4 8 6 2 8 9 0
23 Фомина А С 23КНТ-6 7 8 8 8 9 8 4 3 9 2 7 7 0
25 Панфилова К П 23КНТ-6 2 2 1 3 2 0 0 1 5 3 9 0
26 Федотова А М 23КНТ-6 4 5 6 0 9 9 0 9 1 2 3
30 Громова Д Л 23КНТ-6 4 6 9 6 4 5 4 1 6 1 0
31 Нестерова М М 23КНТ-6 1 1 10 10 2 1 2 1 3 2 1 5
3 Иванов Т С 23КНТ-7 2 6 9 9 7 0 8 1 8 4 6 7 6
15 Ларионов И В 23КНТ-7 10 3 6 8 5 8 0 2 9 2 6 1
16 Бобылёва С Ф 23КНТ-7 8 5 5 1 9 6 0 6 5 1 9
20 Журавлёва Р А 23КНТ-7 8 5 6 5 3 0 7 3 3 9 6 2
24 Тимофеева В И 23КНТ-7 5 5 5 9 8 3 1 1 2 5 8 0
27 Новикова Г П 23КНТ-7 1 2 8 3 5 3 0 6 0 1
32 Панфилова А Д 23КНТ-7 10 10 10 10 1 9 1 6 1 6 6 6 5
2 Фокин В М 23КНТ-8 6 6 7 3 8 0 1 2 5 8 6 7
21 Шилова А Т 23КНТ-8 8 5 5 6 5 7 3 4 0 8 9 8
29 Меркушева В Л 23КНТ-8 5 6 8 5 5 4 1 0 1 7 9
8 Соколов В Ф 23КНТ-9 8 9 2 1 7 5 7 3 8 0 9
9 Овчинников В Г 23КНТ-9 1 1 0 8 2 2 3 3 7 3 8 1
